PATHS 40
0 4: 0 1 2 3 4
0 7: 0 1 5 6 7
0 8: 0 1 8
0 10: 0 1 2 9 10
0 13: 0 1 11 12 13
0 16: 0 1 14 15 16
0 18: 0 1 2 17 18
0 20: 0 1 11 19 20
0 21: 0 1 14 15 21
0 23: 0 1 11 22 23
0 24: 0 1 2 3 24
0 25: 0 1 25
0 26: 0 1 2 9 26
0 28: 0 1 11 27 28
0 30: 0 1 29 30
0 33: 0 1 31 32 33
0 34: 0 1 2 3 34
0 35: 0 1 11 19 35
0 36: 0 1 31 36
0 37: 0 1 2 17 37
0 39: 0 1 5 38 39
0 41: 0 1 2 40 41
0 43: 0 1 31 42 43
0 44: 0 1 44
0 45: 0 1 31 45
0 46: 0 1 11 22 46
0 48: 0 1 31 47 48
0 49: 0 1 31 47 49
0 50: 0 1 2 9 50
0 51: 0 1 11 22 51
0 52: 0 1 11 27 52
0 53: 0 1 5 38 53
0 54: 0 1 54
0 55: 0 1 55
0 56: 0 1 11 19 56
0 57: 0 1 31 42 57
0 58: 0 1 31 58
0 59: 0 1 31 59
0 60: 0 1 2 9 60
0 61: 0 1 2 9 61
