PATHS 40
0 4: 0 1 2 3 4
0 7: 0 1 5 6 7
0 10: 0 1 8 9 10
0 13: 0 1 11 12 13
0 16: 0 1 14 15 16
0 17: 0 1 5 17
0 18: 0 1 11 12 18
0 20: 0 1 14 19 20
0 21: 0 1 14 19 21
0 23: 0 1 11 22 23
0 25: 0 1 14 24 25
0 27: 0 1 2 26 27
0 28: 0 1 2 26 28
0 29: 0 1 29
0 30: 0 1 5 30
0 32: 0 1 5 31 32
0 34: 0 1 14 33 34
0 35: 0 1 11 12 35
0 36: 0 1 5 36
0 37: 0 1 11 12 37
0 38: 0 1 14 24 38
0 40: 0 1 5 39 40
0 41: 0 1 11 12 41
0 42: 0 1 11 22 42
0 43: 0 1 43
0 44: 0 1 11 12 44
0 45: 0 1 2 45
0 46: 0 1 46
0 47: 0 1 11 22 47
0 49: 0 1 14 48 49
0 50: 0 1 5 50
0 51: 0 1 51
0 52: 0 1 2 3 52
0 53: 0 1 5 53
0 54: 0 1 54
0 55: 0 1 11 12 55
0 56: 0 1 14 19 56
0 57: 0 1 5 57
0 59: 0 1 11 58 59
0 61: 0 1 14 60 61
