PATHS 40
0 4: 0 1 2 3 4
0 6: 0 1 5 6
0 9: 0 1 7 8 9
0 11: 0 1 2 10 11
0 13: 0 1 7 12 13
0 14: 0 1 2 10 14
0 16: 0 1 2 15 16
0 17: 0 1 5 17
0 18: 0 1 2 10 18
0 21: 0 1 19 20 21
0 23: 0 1 5 22 23
0 24: 0 1 2 10 24
0 26: 0 1 5 25 26
0 29: 0 1 27 28 29
0 30: 0 1 2 10 30
0 31: 0 1 31
0 32: 0 1 32
0 33: 0 1 2 3 33
0 34: 0 1 7 8 34
0 35: 0 1 5 22 35
0 36: 0 1 36
0 37: 0 1 7 12 37
0 38: 0 1 2 10 38
0 39: 0 1 2 15 39
0 41: 0 1 7 40 41
0 42: 0 1 7 8 42
0 43: 0 1 5 43
0 44: 0 1 2 15 44
0 46: 0 1 27 45 46
0 47: 0 1 47
0 48: 0 1 2 10 48
0 49: 0 1 2 15 49
0 50: 0 1 50
0 51: 0 1 2 10 51
0 52: 0 1 52
0 53: 0 1 27 28 53
0 54: 0 1 2 10 54
0 55: 0 1 2 10 55
0 56: 0 1 5 56
0 57: 0 1 7 40 57
