PATHS 40
0 2: 0 1 2
0 5: 0 1 3 4 5
0 8: 0 1 6 7 8
0 10: 0 1 9 10
0 11: 0 1 11
0 14: 0 1 12 13 14
0 16: 0 1 6 15 16
0 17: 0 1 6 17
0 20: 0 1 18 19 20
0 21: 0 1 21
0 22: 0 1 3 22
0 24: 0 1 18 23 24
0 26: 0 1 25 26
0 27: 0 1 18 23 27
0 28: 0 1 12 13 28
0 29: 0 1 6 29
0 30: 0 1 6 30
0 32: 0 1 3 31 32
0 33: 0 1 3 4 33
0 34: 0 1 6 15 34
0 35: 0 1 6 7 35
0 36: 0 1 18 23 36
0 37: 0 1 18 23 37
0 38: 0 1 6 38
0 39: 0 1 6 39
0 41: 0 1 12 40 41
0 44: 0 1 42 43 44
0 46: 0 1 6 45 46
0 47: 0 1 18 23 47
0 48: 0 1 18 23 48
0 50: 0 1 12 49 50
0 51: 0 1 6 51
0 53: 0 1 18 52 53
0 55: 0 1 12 54 55
0 56: 0 1 6 7 56
0 57: 0 1 12 49 57
0 58: 0 1 12 49 58
0 59: 0 1 12 49 59
0 60: 0 1 6 7 60
0 61: 0 1 42 61
