PATHS 40
0 4: 0 1 2 3 4
0 6: 0 1 2 5 6
0 8: 0 1 2 7 8
0 10: 0 1 9 10
0 12: 0 1 2 11 12
0 15: 0 1 13 14 15
0 17: 0 1 13 16 17
0 20: 0 1 18 19 20
0 21: 0 1 2 5 21
0 23: 0 1 9 22 23
0 26: 0 1 24 25 26
0 27: 0 1 2 11 27
0 28: 0 1 28
0 29: 0 1 9 29
0 30: 0 1 30
0 31: 0 1 9 22 31
0 33: 0 1 18 32 33
0 35: 0 1 18 34 35
0 36: 0 1 18 32 36
0 37: 0 1 13 14 37
0 40: 0 1 38 39 40
0 41: 0 1 2 5 41
0 42: 0 1 42
0 43: 0 1 43
0 44: 0 1 18 19 44
0 45: 0 1 9 45
0 46: 0 1 2 3 46
0 47: 0 1 18 34 47
0 48: 0 1 2 11 48
0 49: 0 1 2 11 49
0 51: 0 1 2 50 51
0 52: 0 1 9 52
0 53: 0 1 9 53
0 54: 0 1 2 3 54
0 55: 0 1 9 55
0 56: 0 1 2 3 56
0 57: 0 1 18 32 57
0 58: 0 1 13 58
0 60: 0 1 9 59 60
0 61: 0 1 2 3 61
