PATHS 40
0 2: 0 1 2
0 5: 0 1 3 4 5
0 7: 0 1 6 7
0 10: 0 1 8 9 10
0 12: 0 1 8 11 12
0 15: 0 1 13 14 15
0 16: 0 1 13 16
0 18: 0 1 8 17 18
0 21: 0 1 19 20 21
0 22: 0 1 3 4 22
0 23: 0 1 8 17 23
0 24: 0 1 3 4 24
0 26: 0 1 8 25 26
0 27: 0 1 27
0 28: 0 1 8 17 28
0 29: 0 1 8 17 29
0 31: 0 1 8 30 31
0 33: 0 1 13 32 33
0 34: 0 1 3 4 34
0 35: 0 1 19 35
0 36: 0 1 19 20 36
0 38: 0 1 19 37 38
0 40: 0 1 3 39 40
0 41: 0 1 3 4 41
0 42: 0 1 8 9 42
0 43: 0 1 19 43
0 44: 0 1 19 37 44
0 47: 0 1 45 46 47
0 48: 0 1 13 32 48
0 49: 0 1 19 20 49
0 50: 0 1 19 20 50
0 51: 0 1 45 51
0 52: 0 1 3 4 52
0 53: 0 1 8 17 53
0 54: 0 1 8 9 54
0 56: 0 1 3 55 56
0 57: 0 1 8 9 57
0 58: 0 1 8 11 58
0 59: 0 1 13 14 59
0 60: 0 1 60
