PATHS 40
0 4: 0 1 2 3 4
0 7: 0 1 5 6 7
0 8: 0 1 5 6 8
0 10: 0 1 5 9 10
0 13: 0 1 11 12 13
0 15: 0 1 14 15
0 17: 0 1 5 16 17
0 19: 0 1 5 18 19
0 21: 0 1 11 20 21
0 23: 0 1 11 22 23
0 24: 0 1 2 3 24
0 25: 0 1 11 22 25
0 26: 0 1 2 3 26
0 27: 0 1 5 9 27
0 29: 0 1 14 28 29
0 30: 0 1 30
0 31: 0 1 14 31
0 32: 0 1 11 22 32
0 33: 0 1 5 18 33
0 34: 0 1 11 20 34
0 35: 0 1 11 22 35
0 36: 0 1 14 28 36
0 37: 0 1 14 37
0 38: 0 1 38
0 39: 0 1 11 22 39
0 41: 0 1 14 40 41
0 42: 0 1 11 20 42
0 43: 0 1 14 28 43
0 44: 0 1 11 22 44
0 45: 0 1 14 40 45
0 46: 0 1 5 18 46
0 47: 0 1 11 22 47
0 49: 0 1 2 48 49
0 50: 0 1 14 40 50
0 51: 0 1 2 3 51
0 52: 0 1 11 22 52
0 53: 0 1 2 48 53
0 55: 0 1 14 54 55
0 57: 0 1 5 56 57
0 58: 0 1 14 58
