PATHS 40
0 4: 0 1 2 3 4
0 7: 0 1 5 6 7
0 10: 0 1 8 9 10
0 12: 0 1 5 11 12
0 13: 0 1 2 3 13
0 14: 0 1 5 11 14
0 16: 0 1 5 15 16
0 19: 0 1 17 18 19
0 21: 0 1 20 21
0 23: 0 1 17 22 23
0 24: 0 1 17 18 24
0 26: 0 1 20 25 26
0 29: 0 1 27 28 29
0 30: 0 1 17 30
0 32: 0 1 2 31 32
0 33: 0 1 33
0 35: 0 1 20 34 35
0 37: 0 1 36 37
0 38: 0 1 17 38
0 39: 0 1 5 11 39
0 40: 0 1 40
0 42: 0 1 2 41 42
0 44: 0 1 17 43 44
0 46: 0 1 2 45 46
0 47: 0 1 17 47
0 48: 0 1 20 25 48
0 49: 0 1 5 6 49
0 50: 0 1 5 11 50
0 51: 0 1 51
0 52: 0 1 20 25 52
0 53: 0 1 20 25 53
0 54: 0 1 54
0 55: 0 1 55
0 56: 0 1 2 31 56
0 57: 0 1 20 25 57
0 58: 0 1 2 31 58
0 59: 0 1 2 45 59
0 60: 0 1 2 41 60
0 61: 0 1 5 11 61
0 62: 0 1 17 43 62
