PATHS 40
0 2: 0 1 2
0 5: 0 1 3 4 5
0 7: 0 1 3 6 7
0 9: 0 1 3 8 9
0 12: 0 1 10 11 12
0 13: 0 1 3 8 13
0 14: 0 1 3 8 14
0 15: 0 1 3 6 15
0 18: 0 1 16 17 18
0 20: 0 1 10 19 20
0 21: 0 1 10 11 21
0 23: 0 1 22 23
0 24: 0 1 22 24
0 25: 0 1 10 19 25
0 26: 0 1 26
0 27: 0 1 27
0 29: 0 1 10 28 29
0 31: 0 1 3 30 31
0 32: 0 1 10 11 32
0 35: 0 1 33 34 35
0 36: 0 1 10 11 36
0 37: 0 1 22 37
0 38: 0 1 3 6 38
0 39: 0 1 10 19 39
0 40: 0 1 16 17 40
0 42: 0 1 22 41 42
0 44: 0 1 22 43 44
0 45: 0 1 10 19 45
0 47: 0 1 10 46 47
0 49: 0 1 16 48 49
0 50: 0 1 22 50
0 51: 0 1 3 6 51
0 52: 0 1 10 19 52
0 53: 0 1 3 8 53
0 54: 0 1 22 54
0 55: 0 1 10 11 55
0 56: 0 1 22 56
0 57: 0 1 10 11 57
0 58: 0 1 16 17 58
0 59: 0 1 22 43 59
