PATHS 40
0 4: 0 1 2 3 4
0 6: 0 1 5 6
0 9: 0 1 7 8 9
0 12: 0 1 10 11 12
0 13: 0 1 2 3 13
0 15: 0 1 10 14 15
0 17: 0 1 7 16 17
0 18: 0 1 18
0 20: 0 1 2 19 20
0 21: 0 1 10 11 21
0 23: 0 1 5 22 23
0 24: 0 1 2 19 24
0 26: 0 1 5 25 26
0 27: 0 1 2 19 27
0 28: 0 1 7 8 28
0 29: 0 1 5 22 29
0 30: 0 1 10 14 30
0 32: 0 1 7 31 32
0 33: 0 1 5 25 33
0 34: 0 1 10 34
0 35: 0 1 2 3 35
0 36: 0 1 7 16 36
0 37: 0 1 5 37
0 38: 0 1 2 19 38
0 39: 0 1 7 8 39
0 40: 0 1 7 8 40
0 42: 0 1 2 41 42
0 44: 0 1 7 43 44
0 45: 0 1 7 16 45
0 46: 0 1 10 11 46
0 47: 0 1 5 25 47
0 48: 0 1 5 48
0 49: 0 1 7 31 49
0 50: 0 1 7 8 50
0 51: 0 1 7 43 51
0 52: 0 1 52
0 53: 0 1 10 14 53
0 54: 0 1 7 8 54
0 55: 0 1 55
0 56: 0 1 2 19 56
