PATHS 40
0 4: 0 1 2 3 4
0 7: 0 1 5 6 7
0 8: 0 1 5 6 8
0 11: 0 1 9 10 11
0 12: 0 1 2 3 12
0 13: 0 1 5 6 13
0 14: 0 1 14
0 15: 0 1 15
0 16: 0 1 5 6 16
0 17: 0 1 5 6 17
0 18: 0 1 5 6 18
0 20: 0 1 2 19 20
0 22: 0 1 2 21 22
0 24: 0 1 9 23 24
0 25: 0 1 2 19 25
0 28: 0 1 26 27 28
0 29: 0 1 2 3 29
0 30: 0 1 30
0 32: 0 1 31 32
0 34: 0 1 26 33 34
0 35: 0 1 5 6 35
0 36: 0 1 26 36
0 37: 0 1 26 27 37
0 38: 0 1 38
0 39: 0 1 2 21 39
0 41: 0 1 2 40 41
0 42: 0 1 2 19 42
0 43: 0 1 5 6 43
0 44: 0 1 9 23 44
0 45: 0 1 26 45
0 46: 0 1 2 3 46
0 47: 0 1 26 27 47
0 49: 0 1 26 48 49
0 50: 0 1 26 50
0 52: 0 1 31 51 52
0 54: 0 1 5 53 54
0 55: 0 1 2 3 55
0 57: 0 1 2 56 57
0 58: 0 1 2 3 58
0 59: 0 1 5 6 59
