PATHS 40
0 4: 0 1 2 3 4
0 7: 0 1 5 6 7
0 9: 0 1 8 9
0 11: 0 1 8 10 11
0 13: 0 1 5 12 13
0 14: 0 1 8 14
0 16: 0 1 2 15 16
0 18: 0 1 17 18
0 19: 0 1 5 12 19
0 21: 0 1 20 21
0 22: 0 1 2 15 22
0 24: 0 1 23 24
0 26: 0 1 23 25 26
0 27: 0 1 5 6 27
0 29: 0 1 5 28 29
0 31: 0 1 20 30 31
0 32: 0 1 5 28 32
0 33: 0 1 2 3 33
0 34: 0 1 34
0 35: 0 1 23 25 35
0 36: 0 1 5 28 36
0 37: 0 1 2 3 37
0 38: 0 1 8 38
0 40: 0 1 5 39 40
0 42: 0 1 8 41 42
0 43: 0 1 5 28 43
0 45: 0 1 2 44 45
0 46: 0 1 2 15 46
0 47: 0 1 5 28 47
0 48: 0 1 48
0 49: 0 1 20 30 49
0 50: 0 1 50
0 51: 0 1 8 51
0 52: 0 1 5 39 52
0 53: 0 1 20 30 53
0 54: 0 1 5 12 54
0 55: 0 1 2 15 55
0 56: 0 1 23 25 56
0 57: 0 1 57
0 58: 0 1 23 25 58
