PATHS 40
0 4: 0 1 2 3 4
0 7: 0 1 5 6 7
0 9: 0 1 5 8 9
0 10: 0 1 5 6 10
0 11: 0 1 2 3 11
0 13: 0 1 5 12 13
0 16: 0 1 14 15 16
0 17: 0 1 14 15 17
0 18: 0 1 5 8 18
0 19: 0 1 19
0 20: 0 1 5 12 20
0 21: 0 1 2 3 21
0 22: 0 1 2 3 22
0 23: 0 1 5 6 23
0 24: 0 1 5 6 24
0 26: 0 1 14 25 26
0 27: 0 1 27
0 28: 0 1 5 6 28
0 29: 0 1 5 6 29
0 31: 0 1 30 31
0 32: 0 1 32
0 33: 0 1 2 3 33
0 34: 0 1 34
0 35: 0 1 5 6 35
0 36: 0 1 36
0 38: 0 1 14 37 38
0 39: 0 1 2 39
0 40: 0 1 30 40
0 41: 0 1 14 15 41
0 42: 0 1 14 15 42
0 44: 0 1 30 43 44
0 46: 0 1 30 45 46
0 47: 0 1 14 37 47
0 48: 0 1 5 6 48
0 50: 0 1 14 49 50
0 51: 0 1 14 49 51
0 52: 0 1 30 52
0 53: 0 1 5 8 53
0 54: 0 1 5 6 54
0 56: 0 1 14 55 56
