PATHS 40
0 4: 0 1 2 3 4
0 7: 0 1 5 6 7
0 9: 0 1 5 8 9
0 11: 0 1 2 10 11
0 14: 0 1 12 13 14
0 15: 0 1 2 3 15
0 17: 0 1 16 17
0 18: 0 1 12 13 18
0 19: 0 1 16 19
0 20: 0 1 12 20
0 21: 0 1 5 6 21
0 23: 0 1 2 22 23
0 24: 0 1 2 3 24
0 25: 0 1 25
0 27: 0 1 12 26 27
0 28: 0 1 5 8 28
0 29: 0 1 16 29
0 30: 0 1 12 13 30
0 31: 0 1 12 31
0 33: 0 1 5 32 33
0 34: 0 1 34
0 35: 0 1 35
0 36: 0 1 16 36
0 37: 0 1 37
0 39: 0 1 2 38 39
0 40: 0 1 16 40
0 41: 0 1 2 3 41
0 42: 0 1 5 32 42
0 43: 0 1 12 26 43
0 45: 0 1 16 44 45
0 47: 0 1 16 46 47
0 48: 0 1 5 8 48
0 50: 0 1 49 50
0 51: 0 1 5 8 51
0 52: 0 1 52
0 54: 0 1 16 53 54
0 55: 0 1 16 55
0 56: 0 1 2 3 56
0 57: 0 1 5 8 57
0 58: 0 1 16 46 58
