PATHS 40
0 3: 0 1 2 3
0 6: 0 1 4 5 6
0 8: 0 1 2 7 8
0 10: 0 1 2 9 10
0 12: 0 1 4 11 12
0 13: 0 1 4 5 13
0 14: 0 1 2 7 14
0 17: 0 1 15 16 17
0 20: 0 1 18 19 20
0 21: 0 1 4 11 21
0 22: 0 1 4 5 22
0 23: 0 1 2 9 23
0 24: 0 1 24
0 25: 0 1 2 7 25
0 26: 0 1 2 26
0 28: 0 1 27 28
0 29: 0 1 15 16 29
0 31: 0 1 4 30 31
0 32: 0 1 15 16 32
0 33: 0 1 33
0 34: 0 1 18 19 34
0 35: 0 1 4 5 35
0 36: 0 1 2 9 36
0 37: 0 1 37
0 39: 0 1 15 38 39
0 40: 0 1 15 16 40
0 41: 0 1 4 30 41
0 42: 0 1 2 42
0 43: 0 1 2 43
0 44: 0 1 4 5 44
0 45: 0 1 2 7 45
0 46: 0 1 15 16 46
0 47: 0 1 4 5 47
0 48: 0 1 4 5 48
0 49: 0 1 4 5 49
0 50: 0 1 2 50
0 52: 0 1 4 51 52
0 53: 0 1 53
0 54: 0 1 15 16 54
0 56: 0 1 4 55 56
