PATHS 40
0 4: 0 1 2 3 4
0 6: 0 1 5 6
0 8: 0 1 2 7 8
0 10: 0 1 5 9 10
0 13: 0 1 11 12 13
0 14: 0 1 5 14
0 15: 0 1 5 9 15
0 17: 0 1 2 16 17
0 18: 0 1 18
0 19: 0 1 5 19
0 20: 0 1 2 7 20
0 22: 0 1 2 21 22
0 23: 0 1 5 23
0 24: 0 1 2 16 24
0 27: 0 1 25 26 27
0 28: 0 1 5 28
0 30: 0 1 25 29 30
0 32: 0 1 5 31 32
0 33: 0 1 2 16 33
0 34: 0 1 2 7 34
0 36: 0 1 5 35 36
0 37: 0 1 2 16 37
0 38: 0 1 11 12 38
0 40: 0 1 11 39 40
0 42: 0 1 11 41 42
0 43: 0 1 43
0 44: 0 1 11 41 44
0 45: 0 1 5 45
0 46: 0 1 11 39 46
0 49: 0 1 47 48 49
0 50: 0 1 5 9 50
0 51: 0 1 25 26 51
0 52: 0 1 52
0 53: 0 1 2 3 53
0 54: 0 1 5 54
0 55: 0 1 55
0 56: 0 1 2 16 56
0 57: 0 1 25 26 57
0 59: 0 1 11 58 59
0 60: 0 1 5 35 60
