PATHS 30
0 4: 0 1 2 3 4
0 7: 0 1 5 6 7
0 9: 0 1 5 8 9
0 11: 0 1 2 10 11
0 14: 0 1 12 13 14
0 16: 0 1 2 15 16
0 17: 0 1 17
0 18: 0 1 2 10 18
0 19: 0 1 2 15 19
0 22: 0 1 20 21 22
0 23: 0 1 2 15 23
0 24: 0 1 24
0 25: 0 1 5 6 25
0 26: 0 1 5 6 26
0 27: 0 1 5 6 27
0 28: 0 1 5 6 28
0 29: 0 1 2 10 29
0 30: 0 1 5 8 30
0 31: 0 1 5 8 31
0 33: 0 1 5 32 33
0 34: 0 1 12 34
0 36: 0 1 2 35 36
0 37: 0 1 5 6 37
0 38: 0 1 2 10 38
0 39: 0 1 2 15 39
0 40: 0 1 12 13 40
0 42: 0 1 41 42
0 43: 0 1 12 13 43
0 44: 0 1 2 35 44
0 45: 0 1 20 45
