PATHS 30
0 4: 0 1 2 3 4
0 7: 0 1 5 6 7
0 8: 0 1 2 3 8
0 10: 0 1 2 9 10
0 11: 0 1 5 6 11
0 12: 0 1 12
0 15: 0 1 13 14 15
0 17: 0 1 5 16 17
0 20: 0 1 18 19 20
0 21: 0 1 2 21
0 22: 0 1 18 19 22
0 23: 0 1 2 23
0 24: 0 1 13 14 24
0 25: 0 1 18 19 25
0 27: 0 1 18 26 27
0 28: 0 1 18 26 28
0 29: 0 1 2 9 29
0 30: 0 1 13 14 30
0 31: 0 1 2 9 31
0 32: 0 1 5 6 32
0 33: 0 1 18 19 33
0 34: 0 1 13 14 34
0 35: 0 1 2 35
0 37: 0 1 13 36 37
0 40: 0 1 38 39 40
0 41: 0 1 13 36 41
0 42: 0 1 5 6 42
0 43: 0 1 13 36 43
0 45: 0 1 2 44 45
0 47: 0 1 18 46 47
