PATHS 30
0 4: 0 1 2 3 4
0 6: 0 1 5 6
0 7: 0 1 2 3 7
0 10: 0 1 8 9 10
0 11: 0 1 2 11
0 12: 0 1 12
0 15: 0 1 13 14 15
0 17: 0 1 5 16 17
0 18: 0 1 8 9 18
0 19: 0 1 5 16 19
0 21: 0 1 13 20 21
0 22: 0 1 8 9 22
0 23: 0 1 8 9 23
0 24: 0 1 13 14 24
0 26: 0 1 13 25 26
0 27: 0 1 13 14 27
0 28: 0 1 5 16 28
0 30: 0 1 13 29 30
0 31: 0 1 31
0 32: 0 1 8 9 32
0 34: 0 1 8 33 34
0 35: 0 1 8 9 35
0 36: 0 1 8 9 36
0 37: 0 1 5 16 37
0 38: 0 1 13 29 38
0 39: 0 1 2 3 39
0 40: 0 1 13 14 40
0 41: 0 1 2 41
0 43: 0 1 2 42 43
0 45: 0 1 8 44 45
