PATHS 30
0 4: 0 1 2 3 4
0 7: 0 1 5 6 7
0 8: 0 1 8
0 11: 0 1 9 10 11
0 12: 0 1 12
0 13: 0 1 2 3 13
0 16: 0 1 14 15 16
0 18: 0 1 14 17 18
0 20: 0 1 2 19 20
0 22: 0 1 14 21 22
0 23: 0 1 14 21 23
0 25: 0 1 24 25
0 26: 0 1 26
0 28: 0 1 2 27 28
0 31: 0 1 29 30 31
0 32: 0 1 14 21 32
0 34: 0 1 2 33 34
0 36: 0 1 5 35 36
0 37: 0 1 5 6 37
0 39: 0 1 29 38 39
0 40: 0 1 2 19 40
0 41: 0 1 9 10 41
0 42: 0 1 29 38 42
0 44: 0 1 2 43 44
0 45: 0 1 5 6 45
0 47: 0 1 14 46 47
0 48: 0 1 5 6 48
0 49: 0 1 14 21 49
0 50: 0 1 2 43 50
0 51: 0 1 2 19 51
