PATHS 30
0 3: 0 1 2 3
0 6: 0 1 4 5 6
0 9: 0 1 7 8 9
0 10: 0 1 2 10
0 12: 0 1 2 11 12
0 15: 0 1 13 14 15
0 17: 0 1 2 16 17
0 19: 0 1 18 19
0 20: 0 1 20
0 22: 0 1 4 21 22
0 23: 0 1 2 16 23
0 25: 0 1 24 25
0 26: 0 1 4 21 26
0 27: 0 1 27
0 29: 0 1 7 28 29
0 30: 0 1 24 30
0 32: 0 1 24 31 32
0 33: 0 1 7 28 33
0 35: 0 1 4 34 35
0 36: 0 1 24 31 36
0 38: 0 1 4 37 38
0 40: 0 1 24 39 40
0 41: 0 1 4 21 41
0 43: 0 1 7 42 43
0 45: 0 1 4 44 45
0 46: 0 1 2 46
0 47: 0 1 7 28 47
0 49: 0 1 48 49
0 51: 0 1 2 50 51
0 52: 0 1 7 42 52
