PATHS 30
0 4: 0 1 2 3 4
0 6: 0 1 2 5 6
0 9: 0 1 7 8 9
0 11: 0 1 10 11
0 12: 0 1 12
0 15: 0 1 13 14 15
0 16: 0 1 7 8 16
0 19: 0 1 17 18 19
0 21: 0 1 7 20 21
0 23: 0 1 2 22 23
0 24: 0 1 24
0 26: 0 1 25 26
0 28: 0 1 25 27 28
0 29: 0 1 29
0 30: 0 1 25 27 30
0 32: 0 1 25 31 32
0 33: 0 1 13 14 33
0 34: 0 1 2 3 34
0 36: 0 1 7 35 36
0 37: 0 1 7 20 37
0 38: 0 1 17 18 38
0 39: 0 1 7 20 39
0 40: 0 1 13 14 40
0 41: 0 1 25 41
0 42: 0 1 42
0 43: 0 1 7 35 43
0 44: 0 1 44
0 45: 0 1 7 35 45
0 47: 0 1 2 46 47
0 48: 0 1 2 46 48
