PATHS 30
0 4: 0 1 2 3 4
0 7: 0 1 5 6 7
0 8: 0 1 5 6 8
0 10: 0 1 5 9 10
0 13: 0 1 11 12 13
0 15: 0 1 2 14 15
0 17: 0 1 11 16 17
0 19: 0 1 2 18 19
0 20: 0 1 5 9 20
0 22: 0 1 21 22
0 23: 0 1 23
0 25: 0 1 5 24 25
0 27: 0 1 2 26 27
0 28: 0 1 2 14 28
0 29: 0 1 29
0 30: 0 1 2 3 30
0 31: 0 1 31
0 32: 0 1 5 24 32
0 33: 0 1 2 26 33
0 34: 0 1 2 26 34
0 36: 0 1 21 35 36
0 37: 0 1 5 24 37
0 39: 0 1 38 39
0 41: 0 1 38 40 41
0 42: 0 1 5 6 42
0 43: 0 1 2 14 43
0 45: 0 1 2 44 45
0 46: 0 1 21 35 46
0 47: 0 1 5 24 47
0 48: 0 1 11 16 48
