PATHS 30
0 4: 0 1 2 3 4
0 6: 0 1 5 6
0 9: 0 1 7 8 9
0 11: 0 1 2 10 11
0 13: 0 1 5 12 13
0 14: 0 1 7 8 14
0 15: 0 1 5 15
0 17: 0 1 7 16 17
0 18: 0 1 2 10 18
0 19: 0 1 19
0 20: 0 1 5 20
0 23: 0 1 21 22 23
0 25: 0 1 2 24 25
0 26: 0 1 7 16 26
0 27: 0 1 21 22 27
0 28: 0 1 21 22 28
0 30: 0 1 21 29 30
0 32: 0 1 31 32
0 33: 0 1 5 33
0 34: 0 1 21 22 34
0 35: 0 1 2 10 35
0 36: 0 1 5 36
0 37: 0 1 21 22 37
0 38: 0 1 2 3 38
0 39: 0 1 2 10 39
0 40: 0 1 21 22 40
0 41: 0 1 2 3 41
0 42: 0 1 42
0 44: 0 1 21 43 44
0 45: 0 1 45
