PATHS 30
0 4: 0 1 2 3 4
0 7: 0 1 5 6 7
0 8: 0 1 5 6 8
0 9: 0 1 5 6 9
0 10: 0 1 10
0 13: 0 1 11 12 13
0 14: 0 1 2 3 14
0 15: 0 1 11 12 15
0 18: 0 1 16 17 18
0 20: 0 1 2 19 20
0 21: 0 1 11 21
0 22: 0 1 2 3 22
0 23: 0 1 11 23
0 25: 0 1 2 24 25
0 27: 0 1 16 26 27
0 29: 0 1 11 28 29
0 30: 0 1 2 19 30
0 32: 0 1 11 31 32
0 34: 0 1 33 34
0 35: 0 1 5 6 35
0 36: 0 1 5 6 36
0 37: 0 1 11 37
0 38: 0 1 5 6 38
0 40: 0 1 2 39 40
0 42: 0 1 5 41 42
0 43: 0 1 16 43
0 44: 0 1 5 6 44
0 45: 0 1 5 6 45
0 46: 0 1 5 6 46
0 47: 0 1 16 26 47
