PATHS 30
0 4: 0 1 2 3 4
0 5: 0 1 2 3 5
0 8: 0 1 6 7 8
0 11: 0 1 9 10 11
0 12: 0 1 12
0 15: 0 1 13 14 15
0 16: 0 1 2 3 16
0 18: 0 1 9 17 18
0 20: 0 1 9 19 20
0 21: 0 1 2 3 21
0 22: 0 1 2 3 22
0 23: 0 1 2 3 23
0 25: 0 1 2 24 25
0 27: 0 1 13 26 27
0 28: 0 1 13 26 28
0 29: 0 1 13 26 29
0 30: 0 1 2 3 30
0 32: 0 1 13 31 32
0 33: 0 1 6 7 33
0 34: 0 1 13 26 34
0 36: 0 1 6 35 36
0 37: 0 1 2 24 37
0 38: 0 1 9 38
0 40: 0 1 2 39 40
0 41: 0 1 6 7 41
0 42: 0 1 13 26 42
0 44: 0 1 2 43 44
0 45: 0 1 9 10 45
0 46: 0 1 13 14 46
0 47: 0 1 6 35 47
