PATHS 30
0 4: 0 1 2 3 4
0 7: 0 1 5 6 7
0 8: 0 1 8
0 9: 0 1 9
0 12: 0 1 10 11 12
0 14: 0 1 13 14
0 15: 0 1 10 11 15
0 17: 0 1 10 16 17
0 18: 0 1 18
0 20: 0 1 2 19 20
0 22: 0 1 5 21 22
0 25: 0 1 23 24 25
0 26: 0 1 10 11 26
0 28: 0 1 13 27 28
0 30: 0 1 13 29 30
0 31: 0 1 5 21 31
0 32: 0 1 2 3 32
0 33: 0 1 10 33
0 34: 0 1 13 34
0 36: 0 1 5 35 36
0 37: 0 1 2 3 37
0 39: 0 1 2 38 39
0 40: 0 1 40
0 41: 0 1 2 3 41
0 42: 0 1 42
0 43: 0 1 2 3 43
0 45: 0 1 13 44 45
0 46: 0 1 10 46
0 47: 0 1 5 35 47
0 48: 0 1 5 35 48
