PATHS 30
0 3: 0 1 2 3
0 6: 0 1 4 5 6
0 9: 0 1 7 8 9
0 11: 0 1 7 10 11
0 14: 0 1 12 13 14
0 17: 0 1 15 16 17
0 19: 0 1 4 18 19
0 21: 0 1 4 20 21
0 23: 0 1 2 22 23
0 24: 0 1 7 8 24
0 25: 0 1 12 13 25
0 26: 0 1 26
0 28: 0 1 7 27 28
0 30: 0 1 12 29 30
0 32: 0 1 7 31 32
0 34: 0 1 15 33 34
0 36: 0 1 12 35 36
0 37: 0 1 15 37
0 39: 0 1 12 38 39
0 40: 0 1 40
0 42: 0 1 41 42
0 43: 0 1 2 22 43
0 44: 0 1 4 44
0 45: 0 1 7 8 45
0 46: 0 1 12 13 46
0 47: 0 1 4 47
0 49: 0 1 7 48 49
0 50: 0 1 12 13 50
0 51: 0 1 4 51
0 52: 0 1 4 18 52
