PATHS 30
0 2: 0 1 2
0 5: 0 1 3 4 5
0 6: 0 1 3 4 6
0 9: 0 1 7 8 9
0 11: 0 1 7 10 11
0 14: 0 1 12 13 14
0 16: 0 1 7 15 16
0 17: 0 1 7 15 17
0 19: 0 1 18 19
0 21: 0 1 18 20 21
0 22: 0 1 3 4 22
0 24: 0 1 7 23 24
0 25: 0 1 12 13 25
0 27: 0 1 3 26 27
0 29: 0 1 12 28 29
0 30: 0 1 30
0 31: 0 1 18 31
0 32: 0 1 12 32
0 33: 0 1 3 26 33
0 34: 0 1 3 4 34
0 36: 0 1 18 35 36
0 37: 0 1 7 8 37
0 38: 0 1 38
0 39: 0 1 39
0 40: 0 1 7 15 40
0 41: 0 1 12 28 41
0 42: 0 1 3 4 42
0 43: 0 1 43
0 44: 0 1 7 15 44
0 45: 0 1 3 4 45
