PATHS 30
0 4: 0 1 2 3 4
0 6: 0 1 2 5 6
0 7: 0 1 7
0 9: 0 1 8 9
0 11: 0 1 8 10 11
0 14: 0 1 12 13 14
0 16: 0 1 2 15 16
0 19: 0 1 17 18 19
0 21: 0 1 17 20 21
0 22: 0 1 17 20 22
0 24: 0 1 2 23 24
0 25: 0 1 8 25
0 26: 0 1 17 18 26
0 27: 0 1 2 23 27
0 28: 0 1 2 15 28
0 29: 0 1 17 18 29
0 30: 0 1 8 30
0 31: 0 1 8 31
0 33: 0 1 12 32 33
0 34: 0 1 17 18 34
0 35: 0 1 2 5 35
0 36: 0 1 2 5 36
0 37: 0 1 2 15 37
0 38: 0 1 8 38
0 39: 0 1 8 10 39
0 40: 0 1 40
0 41: 0 1 2 5 41
0 42: 0 1 12 13 42
0 43: 0 1 8 43
0 45: 0 1 2 44 45
