PATHS 30
0 4: 0 1 2 3 4
0 7: 0 1 5 6 7
0 8: 0 1 8
0 11: 0 1 9 10 11
0 12: 0 1 2 12
0 14: 0 1 5 13 14
0 16: 0 1 2 15 16
0 17: 0 1 2 17
0 20: 0 1 18 19 20
0 21: 0 1 21
0 22: 0 1 5 13 22
0 23: 0 1 5 6 23
0 26: 0 1 24 25 26
0 28: 0 1 2 27 28
0 29: 0 1 5 13 29
0 30: 0 1 30
0 32: 0 1 9 31 32
0 33: 0 1 2 33
0 35: 0 1 9 34 35
0 36: 0 1 2 3 36
0 37: 0 1 2 15 37
0 38: 0 1 2 3 38
0 39: 0 1 39
0 40: 0 1 2 40
0 41: 0 1 24 25 41
0 43: 0 1 42 43
0 44: 0 1 24 44
0 45: 0 1 9 10 45
0 47: 0 1 5 46 47
0 48: 0 1 5 13 48
