PATHS 30
0 4: 0 1 2 3 4
0 5: 0 1 2 3 5
0 8: 0 1 6 7 8
0 10: 0 1 6 9 10
0 13: 0 1 11 12 13
0 15: 0 1 2 14 15
0 17: 0 1 16 17
0 18: 0 1 18
0 19: 0 1 19
0 20: 0 1 20
0 22: 0 1 16 21 22
0 23: 0 1 2 14 23
0 24: 0 1 6 9 24
0 26: 0 1 6 25 26
0 28: 0 1 6 27 28
0 30: 0 1 11 29 30
0 31: 0 1 2 14 31
0 32: 0 1 11 29 32
0 33: 0 1 33
0 35: 0 1 34 35
0 36: 0 1 6 9 36
0 37: 0 1 16 21 37
0 38: 0 1 11 12 38
0 39: 0 1 11 29 39
0 40: 0 1 16 40
0 41: 0 1 2 14 41
0 43: 0 1 2 42 43
0 44: 0 1 6 27 44
0 45: 0 1 16 45
0 47: 0 1 16 46 47
