PATHS 30
0 4: 0 1 2 3 4
0 6: 0 1 5 6
0 9: 0 1 7 8 9
0 10: 0 1 10
0 12: 0 1 2 11 12
0 13: 0 1 2 11 13
0 14: 0 1 5 14
0 15: 0 1 5 15
0 18: 0 1 16 17 18
0 20: 0 1 16 19 20
0 22: 0 1 21 22
0 24: 0 1 16 23 24
0 25: 0 1 25
0 26: 0 1 16 19 26
0 27: 0 1 5 27
0 28: 0 1 16 17 28
0 29: 0 1 29
0 30: 0 1 2 11 30
0 31: 0 1 2 11 31
0 32: 0 1 5 32
0 34: 0 1 7 33 34
0 35: 0 1 2 11 35
0 37: 0 1 5 36 37
0 40: 0 1 38 39 40
0 41: 0 1 16 19 41
0 42: 0 1 5 42
0 43: 0 1 2 11 43
0 45: 0 1 2 44 45
0 46: 0 1 5 36 46
0 49: 0 1 47 48 49
