PATHS 30
0 4: 0 1 2 3 4
0 7: 0 1 5 6 7
0 8: 0 1 8
0 10: 0 1 2 9 10
0 13: 0 1 11 12 13
0 15: 0 1 11 14 15
0 16: 0 1 2 9 16
0 18: 0 1 2 17 18
0 21: 0 1 19 20 21
0 22: 0 1 19 20 22
0 23: 0 1 5 23
0 25: 0 1 19 24 25
0 26: 0 1 26
0 27: 0 1 19 24 27
0 29: 0 1 5 28 29
0 30: 0 1 2 9 30
0 31: 0 1 2 9 31
0 32: 0 1 2 9 32
0 33: 0 1 5 6 33
0 34: 0 1 34
0 36: 0 1 11 35 36
0 37: 0 1 2 3 37
0 38: 0 1 2 9 38
0 39: 0 1 11 35 39
0 40: 0 1 2 17 40
0 41: 0 1 5 41
0 42: 0 1 11 12 42
0 43: 0 1 11 12 43
0 44: 0 1 5 28 44
0 45: 0 1 2 9 45
