PATHS 50
0 2: 0 1 2
0 5: 0 1 3 4 5
0 6: 0 1 6
0 8: 0 1 3 7 8
0 10: 0 1 3 9 10
0 12: 0 1 11 12
0 14: 0 1 3 13 14
0 16: 0 1 11 15 16
0 17: 0 1 11 17
0 18: 0 1 3 9 18
0 19: 0 1 3 13 19
0 22: 0 1 20 21 22
0 23: 0 1 23
0 26: 0 1 24 25 26
0 27: 0 1 3 13 27
0 28: 0 1 24 25 28
0 30: 0 1 24 29 30
0 32: 0 1 11 31 32
0 33: 0 1 11 33
0 35: 0 1 20 34 35
0 37: 0 1 11 36 37
0 38: 0 1 20 34 38
0 39: 0 1 39
0 40: 0 1 40
0 41: 0 1 3 9 41
0 44: 0 1 42 43 44
0 45: 0 1 24 25 45
0 48: 0 1 46 47 48
0 49: 0 1 11 49
0 51: 0 1 24 50 51
0 52: 0 1 3 9 52
0 53: 0 1 3 9 53
0 54: 0 1 3 9 54
0 55: 0 1 24 25 55
0 56: 0 1 11 31 56
0 57: 0 1 57
0 58: 0 1 24 25 58
0 59: 0 1 3 4 59
0 61: 0 1 24 60 61
0 62: 0 1 11 15 62
0 63: 0 1 3 9 63
0 64: 0 1 24 29 64
0 66: 0 1 65 66
0 67: 0 1 3 7 67
0 68: 0 1 3 7 68
0 70: 0 1 3 69 70
0 71: 0 1 11 15 71
0 72: 0 1 24 60 72
0 73: 0 1 3 9 73
0 74: 0 1 11 74
