PATHS 50
0 3: 0 1 2 3
0 6: 0 1 4 5 6
0 9: 0 1 7 8 9
0 11: 0 1 2 10 11
0 12: 0 1 4 12
0 14: 0 1 7 13 14
0 17: 0 1 15 16 17
0 19: 0 1 7 18 19
0 20: 0 1 2 20
0 22: 0 1 15 21 22
0 25: 0 1 23 24 25
0 26: 0 1 2 26
0 27: 0 1 27
0 28: 0 1 15 21 28
0 29: 0 1 15 21 29
0 31: 0 1 4 30 31
0 32: 0 1 15 16 32
0 33: 0 1 2 33
0 34: 0 1 7 13 34
0 36: 0 1 7 35 36
0 38: 0 1 7 37 38
0 39: 0 1 39
0 40: 0 1 7 35 40
0 41: 0 1 15 16 41
0 43: 0 1 2 42 43
0 44: 0 1 4 30 44
0 45: 0 1 4 30 45
0 46: 0 1 7 13 46
0 47: 0 1 15 16 47
0 48: 0 1 2 48
0 49: 0 1 4 30 49
0 50: 0 1 7 35 50
0 51: 0 1 7 35 51
0 52: 0 1 15 16 52
0 54: 0 1 53 54
0 55: 0 1 23 24 55
0 56: 0 1 2 42 56
0 57: 0 1 57
0 60: 0 1 58 59 60
0 61: 0 1 7 37 61
0 62: 0 1 15 16 62
0 63: 0 1 7 35 63
0 64: 0 1 7 8 64
0 66: 0 1 15 65 66
0 67: 0 1 2 42 67
0 68: 0 1 4 68
0 70: 0 1 2 69 70
0 71: 0 1 7 35 71
0 72: 0 1 7 8 72
0 73: 0 1 2 69 73
