PATHS 50
0 4: 0 1 2 3 4
0 5: 0 1 5
0 8: 0 1 6 7 8
0 11: 0 1 9 10 11
0 12: 0 1 6 7 12
0 15: 0 1 13 14 15
0 18: 0 1 16 17 18
0 19: 0 1 13 14 19
0 21: 0 1 13 20 21
0 23: 0 1 2 22 23
0 24: 0 1 6 7 24
0 25: 0 1 13 14 25
0 28: 0 1 26 27 28
0 29: 0 1 2 22 29
0 31: 0 1 6 30 31
0 32: 0 1 6 7 32
0 33: 0 1 2 3 33
0 34: 0 1 16 17 34
0 35: 0 1 16 35
0 36: 0 1 36
0 37: 0 1 16 17 37
0 39: 0 1 16 38 39
0 40: 0 1 40
0 42: 0 1 6 41 42
0 43: 0 1 13 20 43
0 45: 0 1 16 44 45
0 46: 0 1 13 20 46
0 47: 0 1 16 47
0 49: 0 1 13 48 49
0 50: 0 1 50
0 51: 0 1 6 7 51
0 52: 0 1 2 22 52
0 53: 0 1 2 53
0 54: 0 1 54
0 56: 0 1 13 55 56
0 57: 0 1 57
0 58: 0 1 6 7 58
0 60: 0 1 6 59 60
0 61: 0 1 16 61
0 62: 0 1 16 62
0 63: 0 1 16 63
0 64: 0 1 6 7 64
0 65: 0 1 13 48 65
0 66: 0 1 16 66
0 67: 0 1 67
0 68: 0 1 16 68
0 69: 0 1 6 59 69
0 70: 0 1 26 27 70
0 71: 0 1 2 3 71
0 72: 0 1 13 55 72
