PATHS 50
0 4: 0 1 2 3 4
0 7: 0 1 5 6 7
0 9: 0 1 2 8 9
0 12: 0 1 10 11 12
0 13: 0 1 5 6 13
0 15: 0 1 5 14 15
0 17: 0 1 2 16 17
0 20: 0 1 18 19 20
0 21: 0 1 21
0 22: 0 1 5 6 22
0 23: 0 1 2 3 23
0 24: 0 1 18 24
0 26: 0 1 2 25 26
0 27: 0 1 2 3 27
0 30: 0 1 28 29 30
0 32: 0 1 18 31 32
0 33: 0 1 2 16 33
0 34: 0 1 2 16 34
0 35: 0 1 18 19 35
0 36: 0 1 18 19 36
0 37: 0 1 18 37
0 38: 0 1 38
0 39: 0 1 28 29 39
0 41: 0 1 28 40 41
0 42: 0 1 5 6 42
0 43: 0 1 28 43
0 44: 0 1 2 16 44
0 46: 0 1 2 45 46
0 47: 0 1 5 6 47
0 49: 0 1 2 48 49
0 50: 0 1 5 6 50
0 51: 0 1 51
0 52: 0 1 18 31 52
0 53: 0 1 5 6 53
0 54: 0 1 54
0 55: 0 1 2 3 55
0 56: 0 1 5 14 56
0 57: 0 1 18 19 57
0 58: 0 1 58
0 59: 0 1 59
0 60: 0 1 18 60
0 61: 0 1 5 6 61
0 62: 0 1 2 25 62
0 63: 0 1 28 40 63
0 64: 0 1 2 25 64
0 65: 0 1 2 3 65
0 66: 0 1 10 11 66
0 67: 0 1 28 67
0 68: 0 1 5 6 68
0 69: 0 1 18 31 69
