PATHS 50
0 3: 0 1 2 3
0 6: 0 1 4 5 6
0 9: 0 1 7 8 9
0 12: 0 1 10 11 12
0 13: 0 1 10 11 13
0 14: 0 1 10 14
0 15: 0 1 7 8 15
0 16: 0 1 7 8 16
0 18: 0 1 17 18
0 20: 0 1 4 19 20
0 21: 0 1 10 21
0 23: 0 1 10 22 23
0 25: 0 1 2 24 25
0 26: 0 1 10 26
0 28: 0 1 2 27 28
0 29: 0 1 29
0 30: 0 1 2 27 30
0 32: 0 1 4 31 32
0 34: 0 1 7 33 34
0 36: 0 1 10 35 36
0 37: 0 1 37
0 38: 0 1 4 19 38
0 39: 0 1 7 8 39
0 41: 0 1 4 40 41
0 42: 0 1 2 27 42
0 43: 0 1 4 5 43
0 46: 0 1 44 45 46
0 47: 0 1 2 24 47
0 48: 0 1 10 22 48
0 49: 0 1 4 31 49
0 50: 0 1 10 50
0 51: 0 1 10 11 51
0 53: 0 1 7 52 53
0 54: 0 1 7 33 54
0 55: 0 1 55
0 56: 0 1 10 35 56
0 57: 0 1 10 57
0 58: 0 1 4 19 58
0 59: 0 1 2 24 59
0 60: 0 1 4 40 60
0 61: 0 1 7 8 61
0 62: 0 1 10 62
0 63: 0 1 44 45 63
0 64: 0 1 7 8 64
0 65: 0 1 10 22 65
0 66: 0 1 10 66
0 68: 0 1 4 67 68
0 69: 0 1 4 40 69
0 70: 0 1 4 31 70
0 71: 0 1 71
