PATHS 50
0 4: 0 1 2 3 4
0 6: 0 1 2 5 6
0 9: 0 1 7 8 9
0 12: 0 1 10 11 12
0 14: 0 1 10 13 14
0 17: 0 1 15 16 17
0 19: 0 1 7 18 19
0 22: 0 1 20 21 22
0 23: 0 1 2 23
0 24: 0 1 2 24
0 25: 0 1 10 11 25
0 27: 0 1 7 26 27
0 28: 0 1 2 28
0 30: 0 1 15 29 30
0 31: 0 1 15 16 31
0 32: 0 1 2 32
0 33: 0 1 10 11 33
0 35: 0 1 10 34 35
0 36: 0 1 36
0 37: 0 1 15 37
0 38: 0 1 20 21 38
0 39: 0 1 10 11 39
0 40: 0 1 2 40
0 41: 0 1 41
0 43: 0 1 7 42 43
0 44: 0 1 2 5 44
0 45: 0 1 7 42 45
0 47: 0 1 46 47
0 48: 0 1 2 48
0 49: 0 1 10 34 49
0 50: 0 1 50
0 51: 0 1 15 16 51
0 52: 0 1 10 11 52
0 53: 0 1 15 29 53
0 54: 0 1 20 54
0 55: 0 1 10 11 55
0 57: 0 1 10 56 57
0 58: 0 1 15 16 58
0 59: 0 1 15 29 59
0 60: 0 1 7 18 60
0 61: 0 1 7 18 61
0 62: 0 1 2 62
0 64: 0 1 2 63 64
0 65: 0 1 2 65
0 66: 0 1 2 63 66
0 67: 0 1 10 13 67
0 68: 0 1 7 42 68
0 69: 0 1 7 26 69
0 70: 0 1 10 11 70
0 71: 0 1 10 11 71
