PATHS 50
0 4: 0 1 2 3 4
0 7: 0 1 5 6 7
0 8: 0 1 2 3 8
0 10: 0 1 9 10
0 12: 0 1 5 11 12
0 15: 0 1 13 14 15
0 16: 0 1 9 16
0 17: 0 1 17
0 19: 0 1 9 18 19
0 21: 0 1 5 20 21
0 22: 0 1 5 6 22
0 23: 0 1 5 6 23
0 25: 0 1 5 24 25
0 27: 0 1 13 26 27
0 28: 0 1 5 11 28
0 29: 0 1 9 29
0 30: 0 1 9 18 30
0 31: 0 1 5 20 31
0 32: 0 1 9 32
0 33: 0 1 13 14 33
0 34: 0 1 2 3 34
0 36: 0 1 2 35 36
0 37: 0 1 2 3 37
0 38: 0 1 2 3 38
0 40: 0 1 9 39 40
0 41: 0 1 5 6 41
0 42: 0 1 9 42
0 43: 0 1 2 3 43
0 44: 0 1 5 6 44
0 45: 0 1 2 3 45
0 46: 0 1 46
0 47: 0 1 47
0 48: 0 1 2 3 48
0 49: 0 1 5 20 49
0 50: 0 1 2 3 50
0 51: 0 1 9 39 51
0 52: 0 1 9 52
0 53: 0 1 5 6 53
0 54: 0 1 9 18 54
0 55: 0 1 13 14 55
0 56: 0 1 9 56
0 57: 0 1 9 57
0 58: 0 1 58
0 60: 0 1 59 60
0 62: 0 1 9 61 62
0 63: 0 1 5 20 63
0 64: 0 1 2 35 64
0 65: 0 1 5 24 65
0 66: 0 1 5 20 66
0 67: 0 1 2 3 67
