PATHS 50
0 3: 0 1 2 3
0 6: 0 1 4 5 6
0 8: 0 1 7 8
0 10: 0 1 7 9 10
0 12: 0 1 11 12
0 15: 0 1 13 14 15
0 17: 0 1 13 16 17
0 19: 0 1 11 18 19
0 21: 0 1 4 20 21
0 22: 0 1 11 22
0 24: 0 1 4 23 24
0 25: 0 1 7 25
0 27: 0 1 13 26 27
0 28: 0 1 13 26 28
0 29: 0 1 11 18 29
0 30: 0 1 30
0 31: 0 1 31
0 32: 0 1 7 9 32
0 33: 0 1 11 33
0 34: 0 1 4 5 34
0 36: 0 1 11 35 36
0 37: 0 1 11 35 37
0 38: 0 1 4 5 38
0 40: 0 1 7 39 40
0 41: 0 1 41
0 42: 0 1 13 26 42
0 43: 0 1 43
0 44: 0 1 13 14 44
0 45: 0 1 7 39 45
0 47: 0 1 4 46 47
0 48: 0 1 48
0 49: 0 1 13 14 49
0 51: 0 1 50 51
0 52: 0 1 7 52
0 53: 0 1 53
0 54: 0 1 13 14 54
0 55: 0 1 13 16 55
0 57: 0 1 4 56 57
0 58: 0 1 4 23 58
0 59: 0 1 4 20 59
0 60: 0 1 4 20 60
0 61: 0 1 13 14 61
0 62: 0 1 11 35 62
0 63: 0 1 13 14 63
0 64: 0 1 64
0 65: 0 1 4 5 65
0 66: 0 1 13 14 66
0 67: 0 1 4 5 67
0 68: 0 1 4 46 68
0 69: 0 1 13 14 69
