PATHS 50
0 3: 0 1 2 3
0 6: 0 1 4 5 6
0 9: 0 1 7 8 9
0 12: 0 1 10 11 12
0 14: 0 1 2 13 14
0 15: 0 1 4 5 15
0 16: 0 1 10 11 16
0 18: 0 1 7 17 18
0 20: 0 1 2 19 20
0 22: 0 1 4 21 22
0 23: 0 1 23
0 24: 0 1 2 19 24
0 25: 0 1 4 21 25
0 26: 0 1 10 26
0 28: 0 1 7 27 28
0 29: 0 1 29
0 30: 0 1 7 27 30
0 31: 0 1 10 11 31
0 32: 0 1 2 19 32
0 33: 0 1 4 21 33
0 35: 0 1 34 35
0 36: 0 1 2 36
0 37: 0 1 4 5 37
0 38: 0 1 7 27 38
0 40: 0 1 7 39 40
0 42: 0 1 41 42
0 44: 0 1 4 43 44
0 46: 0 1 4 45 46
0 47: 0 1 2 47
0 48: 0 1 10 48
0 50: 0 1 10 49 50
0 51: 0 1 10 11 51
0 52: 0 1 52
0 53: 0 1 7 8 53
0 55: 0 1 7 54 55
0 56: 0 1 2 13 56
0 58: 0 1 34 57 58
0 59: 0 1 7 27 59
0 61: 0 1 2 60 61
0 62: 0 1 2 13 62
0 63: 0 1 7 27 63
0 64: 0 1 4 5 64
0 65: 0 1 2 60 65
0 66: 0 1 7 8 66
0 67: 0 1 2 67
0 68: 0 1 4 21 68
0 69: 0 1 69
0 70: 0 1 4 43 70
0 71: 0 1 7 17 71
0 72: 0 1 7 54 72
