PATHS 50
0 4: 0 1 2 3 4
0 6: 0 1 2 5 6
0 8: 0 1 7 8
0 10: 0 1 7 9 10
0 11: 0 1 7 11
0 14: 0 1 12 13 14
0 17: 0 1 15 16 17
0 19: 0 1 2 18 19
0 21: 0 1 15 20 21
0 22: 0 1 15 20 22
0 23: 0 1 12 23
0 24: 0 1 2 18 24
0 25: 0 1 15 20 25
0 27: 0 1 2 26 27
0 28: 0 1 7 9 28
0 29: 0 1 12 29
0 31: 0 1 15 30 31
0 32: 0 1 32
0 33: 0 1 33
0 34: 0 1 12 13 34
0 37: 0 1 35 36 37
0 38: 0 1 38
0 39: 0 1 2 18 39
0 40: 0 1 7 9 40
0 41: 0 1 15 16 41
0 42: 0 1 15 20 42
0 43: 0 1 43
0 44: 0 1 2 18 44
0 45: 0 1 15 30 45
0 46: 0 1 12 46
0 47: 0 1 15 20 47
0 48: 0 1 7 9 48
0 49: 0 1 15 16 49
0 50: 0 1 2 5 50
0 51: 0 1 2 5 51
0 52: 0 1 12 52
0 54: 0 1 7 53 54
0 55: 0 1 12 55
0 56: 0 1 35 56
0 58: 0 1 2 57 58
0 59: 0 1 59
0 60: 0 1 12 60
0 61: 0 1 2 18 61
0 62: 0 1 2 18 62
0 63: 0 1 12 63
0 64: 0 1 15 20 64
0 65: 0 1 2 3 65
0 67: 0 1 12 66 67
0 68: 0 1 2 3 68
0 70: 0 1 15 69 70
