PATHS 50
0 2: 0 1 2
0 4: 0 1 3 4
0 6: 0 1 5 6
0 9: 0 1 7 8 9
0 10: 0 1 7 8 10
0 13: 0 1 11 12 13
0 15: 0 1 3 14 15
0 16: 0 1 16
0 17: 0 1 3 17
0 18: 0 1 11 12 18
0 20: 0 1 11 19 20
0 21: 0 1 7 8 21
0 22: 0 1 22
0 24: 0 1 7 23 24
0 26: 0 1 7 25 26
0 27: 0 1 11 12 27
0 28: 0 1 3 28
0 29: 0 1 11 12 29
0 30: 0 1 3 30
0 31: 0 1 31
0 33: 0 1 5 32 33
0 35: 0 1 11 34 35
0 38: 0 1 36 37 38
0 40: 0 1 11 39 40
0 41: 0 1 5 41
0 42: 0 1 42
0 43: 0 1 11 19 43
0 44: 0 1 11 34 44
0 45: 0 1 5 32 45
0 46: 0 1 7 8 46
0 48: 0 1 47 48
0 49: 0 1 36 37 49
0 50: 0 1 7 25 50
0 51: 0 1 7 25 51
0 52: 0 1 7 23 52
0 54: 0 1 3 53 54
0 55: 0 1 36 37 55
0 56: 0 1 11 12 56
0 57: 0 1 7 8 57
0 58: 0 1 3 53 58
0 59: 0 1 3 59
0 60: 0 1 7 23 60
0 61: 0 1 3 14 61
0 62: 0 1 7 25 62
0 63: 0 1 7 8 63
0 64: 0 1 11 12 64
0 66: 0 1 7 65 66
0 67: 0 1 67
0 68: 0 1 7 8 68
0 70: 0 1 5 69 70
