PATHS 50
0 4: 0 1 2 3 4
0 7: 0 1 5 6 7
0 10: 0 1 8 9 10
0 11: 0 1 8 11
0 14: 0 1 12 13 14
0 16: 0 1 2 15 16
0 17: 0 1 2 3 17
0 19: 0 1 5 18 19
0 20: 0 1 8 20
0 22: 0 1 12 21 22
0 23: 0 1 2 23
0 24: 0 1 2 15 24
0 26: 0 1 5 25 26
0 27: 0 1 8 9 27
0 29: 0 1 5 28 29
0 31: 0 1 12 30 31
0 32: 0 1 5 28 32
0 33: 0 1 5 18 33
0 34: 0 1 8 9 34
0 36: 0 1 12 35 36
0 37: 0 1 12 30 37
0 39: 0 1 8 38 39
0 40: 0 1 5 18 40
0 41: 0 1 41
0 42: 0 1 5 18 42
0 43: 0 1 12 30 43
0 44: 0 1 5 18 44
0 45: 0 1 2 15 45
0 46: 0 1 5 18 46
0 47: 0 1 47
0 48: 0 1 12 13 48
0 49: 0 1 2 3 49
0 51: 0 1 8 50 51
0 52: 0 1 8 52
0 53: 0 1 53
0 54: 0 1 5 18 54
0 55: 0 1 12 30 55
0 56: 0 1 5 6 56
0 57: 0 1 8 38 57
0 58: 0 1 12 30 58
0 59: 0 1 8 9 59
0 61: 0 1 5 60 61
0 62: 0 1 5 18 62
0 63: 0 1 8 50 63
0 64: 0 1 12 30 64
0 65: 0 1 2 15 65
0 66: 0 1 12 35 66
0 67: 0 1 5 6 67
0 68: 0 1 2 15 68
0 69: 0 1 69
