PATHS 50
0 3: 0 1 2 3
0 6: 0 1 4 5 6
0 8: 0 1 2 7 8
0 9: 0 1 9
0 12: 0 1 10 11 12
0 13: 0 1 10 11 13
0 16: 0 1 14 15 16
0 17: 0 1 17
0 18: 0 1 4 5 18
0 20: 0 1 2 19 20
0 22: 0 1 10 21 22
0 23: 0 1 2 19 23
0 24: 0 1 10 11 24
0 25: 0 1 2 25
0 26: 0 1 14 26
0 27: 0 1 14 15 27
0 28: 0 1 14 28
0 30: 0 1 14 29 30
0 31: 0 1 31
0 33: 0 1 10 32 33
0 34: 0 1 2 7 34
0 35: 0 1 2 19 35
0 36: 0 1 4 5 36
0 37: 0 1 4 5 37
0 38: 0 1 38
0 39: 0 1 4 5 39
0 41: 0 1 10 40 41
0 43: 0 1 2 42 43
0 44: 0 1 10 21 44
0 46: 0 1 4 45 46
0 48: 0 1 47 48
0 49: 0 1 10 32 49
0 50: 0 1 10 21 50
0 51: 0 1 51
0 52: 0 1 14 15 52
0 54: 0 1 4 53 54
0 55: 0 1 14 15 55
0 56: 0 1 4 45 56
0 57: 0 1 10 11 57
0 58: 0 1 4 5 58
0 59: 0 1 10 40 59
0 61: 0 1 10 60 61
0 62: 0 1 14 15 62
0 63: 0 1 4 5 63
0 64: 0 1 14 15 64
0 65: 0 1 10 11 65
0 66: 0 1 2 66
0 67: 0 1 67
0 68: 0 1 10 21 68
0 69: 0 1 10 21 69
