PATHS 50
0 3: 0 1 2 3
0 6: 0 1 4 5 6
0 9: 0 1 7 8 9
0 11: 0 1 2 10 11
0 14: 0 1 12 13 14
0 15: 0 1 2 10 15
0 16: 0 1 12 13 16
0 18: 0 1 12 17 18
0 21: 0 1 19 20 21
0 22: 0 1 12 17 22
0 24: 0 1 7 23 24
0 25: 0 1 2 25
0 26: 0 1 19 20 26
0 28: 0 1 7 27 28
0 30: 0 1 19 29 30
0 31: 0 1 31
0 33: 0 1 7 32 33
0 35: 0 1 2 34 35
0 36: 0 1 19 20 36
0 37: 0 1 7 32 37
0 38: 0 1 4 5 38
0 39: 0 1 12 13 39
0 40: 0 1 19 20 40
0 42: 0 1 19 41 42
0 44: 0 1 43 44
0 45: 0 1 12 45
0 46: 0 1 7 8 46
0 48: 0 1 2 47 48
0 49: 0 1 2 49
0 50: 0 1 2 50
0 51: 0 1 2 10 51
0 52: 0 1 7 32 52
0 53: 0 1 19 29 53
0 54: 0 1 19 20 54
0 55: 0 1 12 55
0 56: 0 1 7 8 56
0 57: 0 1 57
0 58: 0 1 19 20 58
0 59: 0 1 7 23 59
0 60: 0 1 2 47 60
0 61: 0 1 12 61
0 62: 0 1 19 29 62
0 63: 0 1 12 13 63
0 64: 0 1 7 23 64
0 65: 0 1 7 27 65
0 66: 0 1 7 23 66
0 67: 0 1 2 34 67
0 69: 0 1 7 68 69
0 70: 0 1 2 70
0 71: 0 1 19 20 71
