PATHS 50
0 3: 0 1 2 3
0 6: 0 1 4 5 6
0 9: 0 1 7 8 9
0 11: 0 1 2 10 11
0 13: 0 1 4 12 13
0 14: 0 1 7 14
0 16: 0 1 4 15 16
0 17: 0 1 2 17
0 18: 0 1 4 15 18
0 21: 0 1 19 20 21
0 23: 0 1 19 22 23
0 24: 0 1 24
0 25: 0 1 25
0 26: 0 1 7 26
0 27: 0 1 2 10 27
0 28: 0 1 19 20 28
0 29: 0 1 4 12 29
0 30: 0 1 30
0 31: 0 1 19 20 31
0 32: 0 1 4 15 32
0 33: 0 1 19 20 33
0 34: 0 1 19 22 34
0 36: 0 1 2 35 36
0 37: 0 1 7 8 37
0 39: 0 1 4 38 39
0 40: 0 1 7 40
0 41: 0 1 2 10 41
0 42: 0 1 2 35 42
0 43: 0 1 4 38 43
0 46: 0 1 44 45 46
0 47: 0 1 7 47
0 48: 0 1 19 20 48
0 49: 0 1 44 45 49
0 50: 0 1 19 20 50
0 51: 0 1 19 22 51
0 52: 0 1 52
0 53: 0 1 4 38 53
0 54: 0 1 19 20 54
0 55: 0 1 7 55
0 56: 0 1 19 22 56
0 58: 0 1 7 57 58
0 59: 0 1 4 38 59
0 60: 0 1 4 5 60
0 61: 0 1 19 20 61
0 62: 0 1 4 38 62
0 63: 0 1 19 20 63
0 64: 0 1 19 22 64
0 66: 0 1 7 65 66
0 69: 0 1 67 68 69
0 70: 0 1 2 35 70
