PATHS 50
0 4: 0 1 2 3 4
0 5: 0 1 5
0 8: 0 1 6 7 8
0 9: 0 1 6 7 9
0 11: 0 1 2 10 11
0 14: 0 1 12 13 14
0 17: 0 1 15 16 17
0 19: 0 1 6 18 19
0 20: 0 1 6 18 20
0 21: 0 1 12 21
0 23: 0 1 2 22 23
0 26: 0 1 24 25 26
0 27: 0 1 15 16 27
0 28: 0 1 2 22 28
0 30: 0 1 24 29 30
0 31: 0 1 24 31
0 32: 0 1 6 7 32
0 33: 0 1 24 33
0 35: 0 1 2 34 35
0 36: 0 1 6 7 36
0 37: 0 1 15 37
0 38: 0 1 6 18 38
0 40: 0 1 15 39 40
0 41: 0 1 24 41
0 42: 0 1 6 7 42
0 43: 0 1 2 22 43
0 45: 0 1 44 45
0 46: 0 1 12 13 46
0 47: 0 1 6 18 47
0 48: 0 1 2 22 48
0 49: 0 1 15 16 49
0 50: 0 1 6 7 50
0 51: 0 1 6 7 51
0 52: 0 1 24 25 52
0 53: 0 1 15 39 53
0 54: 0 1 15 39 54
0 55: 0 1 55
0 56: 0 1 2 10 56
0 57: 0 1 24 57
0 59: 0 1 2 58 59
0 60: 0 1 2 10 60
0 61: 0 1 61
0 63: 0 1 24 62 63
0 64: 0 1 6 7 64
0 65: 0 1 6 7 65
0 66: 0 1 66
0 67: 0 1 12 13 67
0 68: 0 1 24 68
0 69: 0 1 69
0 71: 0 1 6 70 71
