PATHS 50
0 4: 0 1 2 3 4
0 7: 0 1 5 6 7
0 10: 0 1 8 9 10
0 11: 0 1 5 6 11
0 14: 0 1 12 13 14
0 17: 0 1 15 16 17
0 19: 0 1 8 18 19
0 20: 0 1 2 3 20
0 22: 0 1 5 21 22
0 23: 0 1 12 23
0 24: 0 1 12 24
0 25: 0 1 25
0 27: 0 1 2 26 27
0 28: 0 1 12 28
0 29: 0 1 12 29
0 30: 0 1 2 26 30
0 31: 0 1 8 9 31
0 32: 0 1 12 32
0 33: 0 1 5 6 33
0 34: 0 1 5 6 34
0 35: 0 1 12 35
0 36: 0 1 2 3 36
0 37: 0 1 37
0 38: 0 1 8 18 38
0 40: 0 1 5 39 40
0 42: 0 1 8 41 42
0 43: 0 1 8 41 43
0 44: 0 1 2 26 44
0 45: 0 1 8 41 45
0 46: 0 1 12 13 46
0 48: 0 1 5 47 48
0 49: 0 1 12 13 49
0 50: 0 1 50
0 52: 0 1 12 51 52
0 53: 0 1 5 39 53
0 54: 0 1 8 9 54
0 55: 0 1 5 21 55
0 56: 0 1 8 18 56
0 57: 0 1 8 18 57
0 59: 0 1 8 58 59
0 60: 0 1 2 26 60
0 61: 0 1 5 6 61
0 62: 0 1 8 9 62
0 63: 0 1 2 63
0 64: 0 1 8 9 64
0 65: 0 1 8 58 65
0 66: 0 1 12 13 66
0 67: 0 1 5 6 67
0 68: 0 1 68
0 69: 0 1 2 3 69
